[SNAKEBOT]
seed = 88
snakebot_dir = pyperbot_v2/snakebot_description/urdf/updated_full_snakebot_no_macro.urdf.xacro
baseposition = 2.9510209870604687,0.14299376426160393,0
baseorientation = 0.17807414335774174,2.4899333712875924,1.2565817107673114,1.3464684018478819

